zhangsan:14.285714285714286 | lisi:14.285714285714286 | wangwu:14.285714285714286 | liqi:14.285714285714286 | shan:14.285714285714286 | hk:14.285714285714286 | ss:14.285714285714286
sak:33.333333333333336 | kka:33.333333333333336 | sals:33.333333333333336
